Sentence: I enjoy coding.
Embedding: [-4.50191572e-02 -3.59362476e-02 -2.66178939e-02  1.34378728e-02
  3.01379114e-02 -3.41526158e-02  5.30979373e-02  1.69902816e-02
 -2.78232130e-03  5.01799770e-02 -2.28161681e-02  3.01649794e-02
 -1.86734577e-03  7.80995144e-03  4.11334336e-02 -4.68052505e-03
 -6.56292513e-02 -1.00399917e-02  2.49482878e-02 -6.88191727e-02
 -6.13296777e-02 -9.48838703e-03  3.35044712e-02 -2.45039091e-02
  6.85017109e-02  8.39182585e-02 -9.85074043e-03 -1.16783828e-02
  6.80836067e-02 -6.60340860e-02 -9.59384814e-02  1.01546727e-01
  1.22124478e-01  4.08995114e-02  2.86193136e-02  5.64400926e-02
  7.89453313e-02 -7.29992911e-02 -1.87437367e-02  7.13510485e-03
 -9.37754288e-02  3.63517441e-02  6.79050833e-02  1.29638228e-03
  4.44944389e-03 -5.13892621e-02 -2.82053021e-03 -5.42903654e-02
  3.44978906e-02 -8.70959088e-03  4.99932021e-02  5.46908611e-03
 -3.38987336e-02 -3.19662243e-02  2.76480932e-02 -3.63604240e-02
  6.98868260e-02 -2.22478453e-02 -2.25935858e-02 -4.47035693e-02
  2.67907791e-03  5.74850440e-02 -5.02023287e-02  8.64228308e-02
  3.92122753e-02 -2.09432375e-03  1.57867349e-03  4.17701565e-02
 -4.86516021e-02 -5.87482490e-02 -1.10427231e-01  2.83214375e-02
 -4.75921482e-03  1.19533010e-01  1.53825134e-01 -3.21489833e-02
  3.20131332e-02  1.00841764e-02  4.83307503e-02 -5.53633459e-03
  4.24772128e-02 -4.28324752e-02 -2.37959810e-02  5.87154888e-02
  2.01751832e-02 -6.78831190e-02  8.57203901e-02  1.23890311e-01
  1.83829349e-02 -1.85909327e-02 -4.11953963e-02 -7.85147212e-03
  4.28281650e-02  2.65047811e-02 -6.88076839e-02 -2.93854289e-02
  3.25988866e-02  3.65111791e-02 -3.37267183e-02  8.26805383e-02
 -1.96283292e-02 -3.83205190e-02  3.46571626e-03  2.29248460e-02
 -4.03383635e-02  3.45048383e-02  9.92140733e-04  1.27998024e-01
  4.04049121e-02 -5.65630123e-02 -5.15157506e-02  5.52138798e-02
 -2.27563493e-02 -1.55181345e-02  9.23699364e-02  9.92128551e-02
  9.58694983e-03  6.81058243e-02  1.01983026e-01  3.21505219e-02
  1.74023341e-02  4.66077439e-02 -1.14830740e-01 -1.90517884e-02
 -6.01429269e-02 -8.69219229e-02  8.34196713e-03 -7.97499889e-33
  3.79048707e-03 -9.21327621e-04 -2.37769316e-04  3.59747224e-02
  1.42713953e-02  1.53996442e-02  1.02612739e-02  6.25839382e-02
 -7.11618289e-02  4.87142876e-02 -6.61621662e-03  5.46885878e-02
 -1.88387427e-02  9.16028842e-02  3.13443318e-02 -2.35490333e-02
 -4.73791696e-02  4.26244214e-02 -6.95539564e-02 -1.12814205e-02
 -9.23764147e-03 -7.63629600e-02  4.47252691e-02  1.18617132e-01
  1.15051381e-02  1.49116470e-02  2.34961733e-02 -9.12785530e-02
  8.23094845e-02  3.04970089e-02 -4.58524041e-02 -2.33473927e-02
 -6.33052364e-02 -3.58822830e-02 -2.98588462e-02 -2.61875950e-02
 -2.40330845e-02 -4.56457660e-02  1.75707899e-02  2.05603857e-02
  1.24292849e-02  2.49232035e-02 -3.70718017e-02 -1.45799732e-02
  1.01444483e-01 -9.57852136e-03  4.70488369e-02 -2.87159849e-02
 -6.08567297e-02  1.54169025e-02 -4.79582623e-02  6.13460094e-02
  5.92836514e-02  7.27447122e-02 -1.81370147e-03 -1.80172790e-02
  2.73131579e-02 -5.24770692e-02  3.43723670e-02  7.54536092e-02
 -4.73916456e-02  3.90647613e-02 -1.66096091e-02 -4.83069979e-02
 -1.31056812e-02  9.16719064e-02  3.64125613e-03  8.52076709e-03
  6.85399622e-02 -8.84940568e-03 -8.09953809e-02  1.48844356e-02
  5.99716464e-03 -4.04482372e-02 -5.32142483e-02 -3.30944126e-03
 -3.31296250e-02 -5.21004349e-02 -3.76657136e-02 -3.22360024e-02
 -1.65208627e-03 -1.74175762e-02 -4.14220281e-02 -5.00064567e-02
  8.84780362e-02  2.25804131e-02  9.36851278e-03 -1.50066778e-01
 -1.22821354e-03  5.04386127e-02 -8.92499834e-03 -5.02553023e-02
  3.78215462e-02  1.60702784e-02 -2.78323591e-02  7.56952461e-33
  1.04995668e-02 -1.02363797e-02 -5.51307425e-02 -6.62831357e-03
 -1.13416418e-01 -5.88717610e-02  2.41822097e-03 -2.08063181e-02
 -9.84520372e-03  1.08899735e-01  5.82628837e-03 -5.68886362e-02
 -7.57274032e-02  4.22261208e-02  3.34118530e-02 -3.84056494e-02
 -7.74074644e-02 -1.28944172e-03 -1.71712115e-02  5.26999077e-03
  6.38444209e-03  9.15390253e-02 -3.42134722e-02 -2.55099814e-02
  7.44550005e-02  3.29653025e-02 -5.96968047e-02  1.89748872e-02
  5.56747988e-02  1.88654065e-02  1.41231269e-02 -1.78743228e-02
 -4.95301411e-02 -8.91334042e-02  1.47015806e-02 -4.44728136e-02
  3.08295563e-02 -1.05615368e-03  2.12576576e-02  8.81753769e-03
  1.81516428e-02  6.32585306e-03  5.63907474e-02  5.44293970e-02
 -1.96151976e-02  2.76812054e-02  3.16112079e-02 -3.26051228e-02
 -8.89510848e-03 -1.44523699e-02 -1.60890501e-02 -3.87890264e-03
  2.62696017e-02 -1.39070719e-01  5.99912694e-03 -1.35461176e-02
 -2.24267039e-02 -1.62556069e-03  1.39585361e-02  1.35439467e-02
 -4.80029769e-02  2.81774662e-02  4.30392437e-02  2.18839124e-02
  2.65495349e-02 -1.10207088e-01 -8.97204597e-03 -3.61361317e-02
 -6.43028989e-02 -9.06322971e-02  3.51016782e-02 -3.28400056e-03
 -7.36104995e-02 -1.20019447e-02 -8.14458802e-02 -1.91409197e-02
 -1.08665926e-03  5.25297076e-02 -4.99213375e-02  4.28631939e-02
 -1.17277084e-02 -1.62814502e-02  1.55943241e-02  2.45510638e-02
 -5.20935617e-02  3.59335989e-02  3.94723043e-02  1.00096948e-02
 -4.23844270e-02 -7.53723532e-02 -1.14179794e-02  9.64879915e-02
  1.04905115e-02 -5.30325100e-02  1.48782516e-02 -1.40048364e-08
 -3.36559676e-02 -5.66645153e-03  3.66846025e-02 -6.54122233e-02
  3.06839813e-02  7.09626898e-02 -3.58599797e-02  3.39929610e-02
 -2.62075886e-02 -3.97932641e-02  1.75779343e-01 -3.28443907e-02
 -2.30062194e-03  2.96997447e-02  1.63028181e-01  4.36611753e-03
  3.78665030e-02 -8.67503975e-03 -7.38341594e-03  3.95556912e-02
  4.17358167e-02  3.81243639e-02 -4.35313061e-02  6.66172281e-02
 -1.17564514e-01 -5.56169311e-03  8.58930126e-02  3.04594561e-02
  4.61633541e-02  5.87699376e-03 -3.15885874e-04  8.54029506e-02
  2.88713770e-03  1.65805798e-02 -1.71872713e-02 -1.07126392e-01
  1.63501836e-02 -7.51515552e-02  1.36073856e-02 -6.77646995e-02
  1.36706671e-02  5.81020899e-02  1.86025593e-02 -5.90430647e-02
 -2.28766296e-02  1.62362924e-03  1.15942374e-01 -6.75873086e-02
 -4.71456870e-02 -1.01487199e-02 -7.06347963e-03  3.40148956e-02
  1.50807751e-02  5.67453504e-02  1.26380488e-01 -5.70776546e-03
 -5.94408549e-02 -2.38511823e-02  2.17074119e-02  9.75679159e-02
  3.47154327e-02  7.87401721e-02 -5.25527727e-03 -4.33119312e-02]

Sentence: I like programming.
Embedding: [-3.35542187e-02 -2.75463667e-02 -2.46641948e-03  2.30658241e-02
 -1.63829923e-02 -6.62960783e-02  7.77471438e-02  3.32129784e-02
  2.98321825e-02  5.99857010e-02 -5.05957827e-02  4.97743301e-03
  1.41757512e-02  7.96714425e-03  2.79056206e-02 -2.63537839e-02
 -4.86477762e-02 -6.49207160e-02  2.85359863e-02 -6.05524965e-02
 -1.34155154e-01  1.15165440e-02  9.18061845e-03 -4.28223386e-02
  6.30725622e-02  1.22150496e-01 -8.83270241e-03 -3.23568955e-02
  1.01528866e-02 -5.46346046e-02 -1.15489095e-01  1.19700558e-01
  4.33008149e-02  3.58769745e-02  4.43045748e-03  4.19474170e-02
  8.08705315e-02 -5.74893728e-02  9.17417090e-03 -2.34098596e-04
 -8.43006149e-02  3.20195667e-02  7.59412572e-02 -2.46263426e-02
 -2.59020254e-02 -6.10963032e-02 -1.33789293e-02 -6.23577796e-02
  6.87510371e-02  2.82972269e-02  4.06316184e-02 -1.10810427e-02
 -2.15254910e-02 -3.00738774e-02 -2.24042349e-02 -6.33120444e-03
  3.65870856e-02  4.83605824e-02 -3.69763025e-03 -4.43533808e-02
 -5.80854826e-02  8.55987612e-03 -2.96577122e-02  8.25106949e-02
  4.66374084e-02 -2.19845250e-02 -1.02104489e-02  4.29022908e-02
  2.19019689e-02 -4.02097143e-02 -5.52837588e-02  3.03304121e-02
 -4.13863314e-03  7.88060352e-02  1.27454504e-01 -6.45101517e-02
  4.53674532e-02 -1.25706233e-02  4.33535874e-02 -2.39469893e-02
  5.09856455e-02 -4.75756079e-02 -6.42365664e-02  4.99544144e-02
  2.88148830e-03 -7.78533965e-02  3.39198671e-02  1.24929808e-01
  2.97657698e-02 -2.24998388e-02  1.50983017e-02 -3.10471673e-02
 -4.62308817e-04  4.12045456e-02 -7.99894854e-02  3.79352979e-02
  6.28526285e-02 -1.34373531e-02 -4.15897965e-02  8.68517160e-02
 -3.18812877e-02 -1.80844609e-02  7.59797869e-03  3.99584845e-02
 -1.10106207e-02  9.35948081e-03  5.14138117e-03  5.65406084e-02
  3.77519913e-02 -5.78502566e-02 -4.12430316e-02  5.67007065e-03
 -1.40647171e-02 -2.70657185e-02  3.54844183e-02  1.01849616e-01
  4.31729108e-02  7.81747773e-02  9.37294811e-02  3.31169777e-02
  3.16835605e-02  7.10242763e-02 -1.01324290e-01 -7.79771572e-03
 -5.59934676e-02 -3.26475054e-02 -1.53580057e-02 -6.97345420e-33
 -3.60419154e-02 -4.10692133e-02  2.30690418e-03  1.19938459e-02
  2.97874622e-02  3.35008726e-02  6.69320971e-02  1.04607880e-01
 -5.42181209e-02  9.36578121e-03  2.35140510e-02  5.46044298e-02
 -4.84067500e-02  8.73996764e-02  7.57409409e-02 -5.99283762e-02
 -9.86778364e-03  5.11102341e-02 -9.42826793e-02 -3.90031151e-02
  2.33812010e-04 -3.36730853e-03  3.36836129e-02  1.03511102e-01
  4.32539769e-02 -5.38494177e-02  4.33241650e-02 -7.44149387e-02
  7.07595199e-02  1.13627240e-02 -2.39640344e-02  2.73910332e-02
 -6.06242642e-02 -7.26491166e-03  6.21051935e-04 -5.25034741e-02
  2.16654800e-02 -5.27137443e-02  5.49381562e-02  1.74921267e-02
 -2.99874954e-02  2.43410878e-02  3.82204540e-02 -1.28061567e-02
  1.08381808e-01  2.94030458e-02  4.25863490e-02  1.32968063e-02
 -4.38986570e-02  1.20857647e-02 -5.84999770e-02  1.70034319e-02
  1.06349044e-01  5.08417152e-02 -2.00516097e-02 -8.68579559e-03
  3.85521241e-02 -1.85990464e-02 -2.81991735e-02  3.20343040e-02
 -4.85693701e-02  1.18181638e-01  4.05520014e-02 -8.37353244e-02
 -6.10266998e-02  8.90401676e-02 -2.62590428e-03  4.56701890e-02
  7.87819773e-02  1.75578371e-02 -7.26583302e-02  2.32596025e-02
 -2.20448114e-02  2.99992878e-03 -7.15640485e-02  2.14192551e-02
  1.68759897e-02 -5.77042028e-02 -3.42647769e-02 -2.50864383e-02
  2.04759240e-02 -3.76064852e-02 -3.69665970e-04 -6.17291853e-02
  7.99437687e-02  6.16191812e-02 -1.82857923e-03 -1.19020626e-01
  3.36408964e-03 -2.25024968e-02 -1.56129459e-02 -6.72788620e-02
  1.16151404e-02  4.52392362e-02 -7.04104919e-03  5.61195329e-33
 -7.78830331e-03 -5.19564673e-02 -5.82089499e-02  2.27317493e-02
 -6.14315160e-02 -3.94490287e-02  1.73495188e-02 -2.33241282e-02
 -4.08332758e-02  9.22015086e-02  3.02976165e-02 -2.84648109e-02
 -6.58653229e-02  7.75604397e-02  1.30210016e-02 -2.77561937e-02
 -7.31973574e-02  2.66560093e-02 -7.87582323e-02 -1.94939934e-02
 -3.08360178e-02  3.60845365e-02 -7.76890665e-02  1.56101538e-02
  9.88197029e-02 -2.48705484e-02 -6.91660196e-02  1.03910221e-02
  3.35018244e-03  8.38418528e-02 -5.71452407e-03 -8.15989915e-03
 -2.34252829e-02 -8.27655867e-02  6.87392578e-02 -3.94652747e-02
 -1.73127220e-03 -3.10250372e-02 -1.05180480e-02 -5.93857793e-03
  4.15748432e-02 -6.64898902e-02  5.23277447e-02  8.31491947e-02
 -2.12917905e-02  3.73483002e-02  1.72991846e-02  2.65494399e-02
  9.29354317e-03 -4.96920049e-02  2.76673702e-03 -1.82716455e-02
  6.45564646e-02 -9.86820385e-02  2.91430671e-02 -2.00200956e-02
  1.95088312e-02 -1.87129267e-02 -4.66247909e-02 -4.87930439e-02
 -6.78782091e-02  3.88708450e-02  7.76935518e-02  4.37090620e-02
 -1.99710019e-02 -5.56627549e-02 -1.41982911e-02 -2.96489634e-02
 -9.57361087e-02 -9.14040208e-02  5.34626208e-02  9.42897797e-03
 -2.66666077e-02  1.87485367e-02 -1.16923206e-01  5.79461316e-03
  1.86158009e-02  3.75198983e-02 -8.29733089e-02  4.60040718e-02
  3.42634693e-02 -4.48407903e-02  1.54342139e-02  4.74353023e-02
 -5.58746569e-02  7.53876641e-02  4.52018296e-03  4.81264852e-02
 -3.75009924e-02 -7.29749054e-02  2.71924934e-03  6.87848330e-02
  6.40089856e-03 -1.55159850e-02 -1.99326556e-02 -1.31603137e-08
 -4.78845043e-03 -6.57723621e-02  5.95046207e-02 -6.46800175e-02
  2.96362117e-03  8.12994987e-02 -4.53424565e-02 -4.27773669e-02
 -4.36125621e-02 -2.46768594e-02  7.80795962e-02  2.14885850e-03
 -3.12343035e-02  2.76059136e-02  1.15689248e-01 -6.23180112e-03
  7.56617934e-02 -4.77781370e-02  1.67113671e-03  4.37691808e-02
  2.02678684e-02 -4.87936474e-03 -4.55061682e-02  1.07520565e-01
 -7.74770826e-02 -1.68282837e-02  7.62621686e-02  6.48897216e-02
  7.56799728e-02  2.20487993e-02 -9.17860679e-03  6.70974283e-03
 -4.56902869e-02  2.88727935e-02 -2.20492925e-03 -9.94517282e-02
  6.91692382e-02 -8.93565789e-02 -4.23541060e-03 -6.99910298e-02
 -1.43048409e-02  7.06089288e-02  3.10195275e-02 -6.66813701e-02
 -3.40114571e-02  9.81119229e-04  4.78746518e-02 -9.81123894e-02
 -2.23067161e-02 -9.16358735e-03  1.25943907e-02  3.78452763e-02
  1.92502681e-02 -8.90915375e-03  1.07852250e-01  1.08065072e-03
 -1.13475695e-01 -3.19057936e-03 -2.76819821e-02  6.75977021e-02
  8.32212120e-02  5.59565909e-02  2.80075427e-02  4.07316547e-04]

Sentence: I enjoy learning new technologies.
Embedding: [-1.13718426e-02 -5.57572469e-02  1.71483532e-02  1.66430790e-02
  4.66188714e-02 -7.80898109e-02  5.53015471e-02  2.47713551e-02
 -1.63104776e-02  4.60538231e-02  2.00894531e-02  4.42324318e-02
 -2.00396590e-02  4.25641127e-02  2.46206485e-02 -3.33589092e-02
 -2.53300443e-02 -1.28376316e-02  3.10593322e-02 -9.86225680e-02
 -1.96665227e-02  3.73062701e-03  7.64911473e-02 -3.35392803e-02
  3.10174352e-03  6.29268959e-02 -4.59435489e-03 -4.32704389e-02
  5.89960515e-02 -7.93190524e-02 -1.00991629e-01  8.65790248e-02
 -2.91278698e-02  6.23413082e-03 -4.81322445e-02  2.07364727e-02
  7.32313395e-02 -4.58244644e-02  1.88897550e-02 -2.80353464e-02
 -3.03172860e-02 -5.04268855e-02  5.47333509e-02 -1.68338455e-02
  4.73216251e-02 -3.25550772e-02  7.17885233e-03 -8.61613750e-02
  8.02610442e-02  1.76827367e-02  2.07781536e-03 -3.39259952e-02
 -5.25141321e-02  7.37752020e-03 -2.19731405e-03 -1.37750367e-02
  2.19230168e-02  1.06996158e-02 -2.49258522e-02 -4.53169122e-02
  3.00616939e-02 -6.02964088e-02 -6.07871339e-02  3.95886526e-02
  3.80162522e-03 -7.53941014e-03 -2.67765410e-02  9.10623595e-02
 -3.40121589e-03 -3.62553112e-02 -9.59519744e-02  4.94600646e-02
  4.38510105e-02  8.22354779e-02  9.77425203e-02 -3.40595283e-02
  3.27236578e-02  2.76963525e-02  4.08437662e-02  1.10178059e-02
  1.03381716e-01 -2.90073305e-02 -1.90512221e-02 -6.59860894e-02
  2.89881714e-02 -5.87405153e-02 -4.51049693e-02  7.57462531e-02
 -9.22462251e-03 -7.39399418e-02 -8.40015989e-03 -8.47288221e-03
 -7.92075694e-02  2.13437770e-02 -2.76478138e-02 -3.80786546e-02
 -5.12816897e-03 -1.12372609e-02 -2.63548270e-02  6.77811503e-02
  1.49839772e-02  1.84339993e-02 -4.40318435e-02  7.86010027e-02
 -9.77777839e-02  5.31393066e-02 -9.28070992e-02  6.60414249e-02
  7.79038146e-02 -3.54821123e-02 -3.21703516e-02  7.23647922e-02
 -5.52881099e-02 -3.60491499e-03  2.17926130e-02  3.41374949e-02
  9.49561968e-03  6.32437691e-02  1.03831746e-01  3.91434804e-02
 -1.29722431e-02  4.11361083e-02 -5.73332794e-02 -1.67646930e-02
 -1.11761391e-02 -1.13398343e-01 -5.49936630e-02 -4.85001806e-33
  5.11164442e-02  8.50907788e-02  5.44900596e-02  9.85880047e-02
 -2.31821965e-02 -1.92693315e-05  3.72314528e-02  3.58546264e-02
 -5.46874516e-02 -4.17650118e-02  2.32433509e-02  1.13943972e-01
 -8.33617449e-02  6.66999593e-02  7.32092932e-02 -9.22592878e-02
 -7.69220591e-02  5.93541786e-02  1.85743924e-02 -1.67862661e-02
 -3.70573774e-02 -9.24199075e-02  6.69882223e-02  8.72755945e-02
  5.09281494e-02 -2.87551805e-02  9.39809438e-03 -3.20761316e-02
  2.10615862e-02  3.06509137e-02 -2.95551289e-02  3.37352604e-02
 -8.16219449e-02 -3.57189663e-02 -1.48480311e-02  3.32080424e-02
 -1.37493131e-03 -5.19482419e-02  9.08934250e-02 -2.60623405e-03
  2.53692549e-03  3.97161171e-02 -6.76879892e-03  1.09502254e-03
  1.94296055e-02  1.17746675e-02  5.25301844e-02 -2.29637809e-02
 -5.51198013e-02 -6.59860158e-03 -1.22032791e-01 -9.72495601e-03
  2.16479180e-03 -1.51931318e-02  5.60256205e-02  3.65680270e-02
  2.77825985e-02 -1.21377623e-02  2.30198484e-02 -6.04091818e-03
 -5.29455133e-02  4.80153449e-02 -4.87996154e-02  4.63585509e-03
 -1.18327243e-02  1.66345954e-01  3.72111090e-02  6.70121089e-02
 -3.26340972e-03  1.39187826e-02 -4.84754890e-02 -1.30205769e-02
 -2.43468694e-02 -4.81590219e-02  8.28313734e-03  1.39526352e-02
 -2.34956890e-02 -4.47841957e-02 -3.55155431e-02 -1.75621435e-02
  2.37395354e-02 -2.47982554e-02  1.07975537e-02 -3.46922837e-02
  1.82629004e-02  4.54994530e-04 -1.21625438e-02 -1.43033087e-01
  6.80433363e-02  2.04210728e-02  2.97676530e-02 -3.13393213e-02
  1.26899602e-02  6.65634200e-02 -6.37948737e-02  4.04964196e-33
 -7.73070427e-03 -2.48732846e-02 -2.81173307e-02  4.07498404e-02
 -3.77971530e-02 -5.84682040e-02 -9.15981550e-03  1.31646423e-02
 -5.77368177e-02  9.08082798e-02  7.20087662e-02 -4.66653332e-03
 -9.69917774e-02  4.85687777e-02 -4.09920625e-02 -3.48373614e-02
 -5.59461415e-02 -3.71800512e-02  1.29749877e-02  2.30714143e-03
 -2.13952772e-02  9.67685655e-02 -6.48730546e-02  3.57493423e-02
  3.21205184e-02 -1.37478681e-02 -5.91150448e-02 -4.38677799e-03
  2.75321230e-02  3.33846211e-02 -6.09953376e-03 -6.15130104e-02
 -6.79454114e-03 -2.35527963e-03  3.04246638e-02  2.09718794e-02
  8.45173672e-02 -6.47050366e-02  2.81867832e-02  7.75957340e-03
  7.44182542e-02  1.04764281e-02 -4.94747655e-03 -1.52799580e-03
 -1.89160910e-02 -4.23124880e-02 -5.08420030e-03  3.39245647e-02
 -1.66265108e-02 -3.27584967e-02  8.20570365e-02 -9.54759400e-03
  6.78039417e-02 -2.17465281e-01  3.60470265e-02  1.63470954e-02
  7.32579976e-02 -2.88876891e-03  1.68884974e-02 -1.57450861e-03
 -2.05462296e-02  1.45799490e-02 -1.62594877e-02  3.52212749e-02
 -3.61558609e-02 -8.00648332e-02  2.85099521e-02  8.44651237e-02
 -8.51393640e-02 -4.64889593e-02  4.20304649e-02  2.59991623e-02
 -7.14089274e-02 -8.10178369e-02 -5.60557991e-02 -7.96268061e-02
  4.22632322e-02  3.90759930e-02 -8.30209553e-02  4.85303141e-02
  1.47030940e-02  8.13700445e-03  3.19146775e-02  7.76931318e-03
  5.67507185e-03  8.89326930e-02 -7.06345867e-03 -3.03893723e-02
 -8.09442773e-02 -1.01654463e-01 -1.89207513e-02  4.10624072e-02
 -4.06183526e-02  6.78620860e-03 -2.58975364e-02 -1.51275987e-08
 -5.34819439e-02  7.05245126e-04  2.88222581e-02 -8.93592685e-02
  4.38184384e-03  5.31404056e-02 -6.71551973e-02  7.55916312e-02
 -3.96529771e-02 -6.80643171e-02  1.62315574e-02  5.43445162e-03
  6.89877644e-02  8.19100812e-02  1.71209902e-01  5.29335998e-02
  8.04224238e-02 -2.29288768e-02  1.11203305e-02  2.21045502e-02
  8.77735242e-02  5.89080900e-02  4.85621542e-02  4.82150167e-02
 -3.60603705e-02 -3.67075019e-03  2.98880767e-02 -1.03077572e-02
  9.16055590e-02  3.34038734e-02 -6.10173754e-02  3.74874063e-02
 -2.40859627e-05 -3.01980283e-02  5.43831661e-02 -1.95971001e-02
  1.40977530e-02 -7.90498033e-02  5.05612716e-02 -4.99047264e-02
 -4.22690026e-02  5.33399880e-02  1.90839861e-02  1.56608876e-02
 -6.97756261e-02  2.29209941e-02  1.15895886e-02 -4.23826538e-02
 -2.51397155e-02  3.35268751e-02 -1.09583130e-02  8.10627919e-03
  8.45325813e-02 -1.94228664e-02  7.95452297e-02  5.47864586e-02
 -7.43483845e-03 -3.92970443e-02  8.86447448e-03  1.12821259e-01
  5.60754389e-02  2.72504780e-02  1.27863092e-02  2.74485983e-02]

Sentence: I want to become an AI engineer.
Embedding: [-3.14130560e-02 -4.89759482e-02  6.87133847e-03  2.45191883e-02
 -4.75621633e-02 -1.11206062e-01  2.27933228e-02  1.42739406e-02
 -2.75268443e-02 -2.86328793e-02 -6.83201402e-02 -9.20805708e-02
  1.60511024e-02  1.13400267e-02 -3.96777280e-02  4.12814543e-02
 -4.08844352e-02 -5.65824099e-02  9.22555197e-03 -1.25969693e-01
  4.22058962e-02  2.89208256e-02  2.00043879e-02 -1.20874859e-01
  1.39755458e-02  4.16418649e-02  6.84539154e-02 -7.03451708e-02
  2.86757611e-02 -2.79553793e-02 -1.98546741e-02 -3.16694230e-02
  6.99853385e-03  3.95261049e-02  2.82890126e-02  3.81439067e-02
  3.24398745e-03 -7.06240758e-02  1.38241529e-01  2.28866246e-02
 -1.09212520e-02 -4.83943447e-02  5.94460033e-02 -8.18841010e-02
  6.23711124e-02  8.86225626e-02 -3.54178734e-02 -8.43801498e-02
  8.78162310e-02 -1.53613342e-02 -6.95487931e-02 -1.24387853e-02
 -4.06438187e-02 -3.22150998e-02 -3.74983018e-03  2.67645922e-02
  6.35431707e-02  2.81678848e-02 -5.08867204e-02  3.44256349e-02
  5.63128479e-03 -1.73751991e-02  3.98380198e-02  3.47528607e-02
  9.76245105e-03  3.78346741e-02 -4.62628761e-03  6.71248436e-02
  5.97244911e-02 -5.54624349e-02  2.84440797e-02 -8.67177453e-03
 -3.35374996e-02  3.43691185e-02  9.24675390e-02  5.34232706e-04
  6.64152727e-02  9.36403964e-03  8.02366883e-02  1.11829881e-02
 -3.30862179e-02 -3.85719314e-02 -8.71027783e-02  1.90827847e-02
 -4.95147938e-03  2.37919278e-02  8.36037472e-03  4.65836488e-02
  1.75326951e-02  6.25794306e-02  2.04576440e-02 -3.53626162e-02
 -2.76462529e-02  9.96973440e-02  6.55290410e-02  6.92110285e-02
 -3.16493250e-02 -6.22080117e-02 -3.06842048e-02 -2.22814735e-03
 -3.12434547e-02 -4.76464257e-03 -2.43682098e-02  2.20895112e-02
 -7.97871277e-02  4.14597616e-02  4.66638543e-02  2.69502420e-02
  6.48010597e-02 -1.78968497e-02 -1.63369216e-02  4.43717651e-03
  3.95944268e-02  8.34714621e-03  7.68991513e-03  4.62068990e-02
 -4.95706266e-03  4.76429649e-02  1.24968022e-01  4.53998744e-02
  1.05378356e-04  1.06759323e-02 -1.78081654e-02  4.45637554e-02
  5.12666907e-03 -6.49667457e-02 -5.94224036e-02 -6.23938075e-33
 -7.75979236e-02  1.23503068e-02  3.02156266e-02 -9.67003591e-03
  3.62292342e-02 -8.70832056e-02  2.81037879e-03  8.11848566e-02
  9.37142875e-04  9.49166063e-03 -2.30347868e-02  1.10629601e-02
 -1.09701455e-01  4.77448255e-02  6.16441444e-02 -1.60544086e-02
 -1.03292875e-02  2.51647141e-02  1.28175253e-02  8.39534923e-02
  5.78232715e-03 -8.95951986e-02 -4.38011670e-03  1.77406159e-03
  1.75596885e-02  2.18252093e-02  4.59214300e-02 -9.17362869e-02
 -2.42609065e-03 -5.26179187e-03 -7.57626891e-02  9.49846432e-02
 -6.35966212e-02 -3.01009584e-02 -1.74675751e-02  3.26916203e-02
 -3.15922797e-02 -1.74449123e-02 -1.95280667e-02  8.09989572e-02
  3.09414201e-04  4.50780876e-02  6.55474141e-02 -5.72808981e-02
  3.79481874e-02  1.99628174e-02  4.36468534e-02 -1.07073467e-02
  4.91739102e-02 -7.28996545e-02 -7.09975213e-02 -2.38364134e-02
  5.01653925e-02 -8.50081220e-02  7.95240924e-02 -3.68810706e-02
  4.14872803e-02  3.26539427e-02 -2.41295081e-02  6.10553250e-02
 -7.24258870e-02  5.64815886e-02 -2.05377880e-02  1.03716344e-01
 -4.58771512e-02  5.20992167e-02 -2.03925534e-03  2.71429550e-02
  3.55404429e-02 -9.78185888e-03 -7.44944066e-02 -2.45767683e-02
  1.81983151e-02 -6.61624148e-02 -9.63895097e-02  1.42578287e-02
 -3.19614187e-02 -6.14306927e-02  3.91542949e-02  1.38475783e-02
 -3.45877209e-03  6.54629096e-02  5.83016220e-03 -3.17606442e-02
  1.66552588e-01  2.69218944e-02 -1.74368825e-02 -1.04988888e-02
  5.44862300e-02 -2.83392034e-02 -5.37558980e-02 -7.78804049e-02
  6.35590311e-03  3.14193591e-02 -6.74347579e-02  2.53291978e-33
 -4.18577492e-02  3.16666141e-02 -7.40262270e-02  2.00753398e-02
  8.37958902e-02  6.24378957e-03  3.52856889e-02  3.18899564e-02
  5.54786175e-02  1.20810241e-01  1.68140810e-02 -1.01967026e-02
  5.42034172e-02  6.68881387e-02 -3.22754830e-02 -3.58414091e-02
 -4.15419228e-02 -1.29744997e-02 -6.08956702e-02 -1.77077472e-03
  4.37988117e-02  1.00880690e-01 -7.05573410e-02 -3.68308723e-02
  4.61111814e-02 -3.46186273e-02 -4.18201648e-02  4.17497829e-02
 -4.08300236e-02  3.97709161e-02  2.98759490e-02 -2.63171131e-03
 -8.91911760e-02  1.98880993e-02  2.31370088e-02  9.68138035e-03
  4.08949330e-02 -4.39070798e-02  1.12128630e-02  4.15590778e-02
  2.46431362e-02 -8.81594047e-02  1.46201532e-02  2.54482008e-03
 -3.88942100e-02 -3.15702357e-03  5.13571948e-02  7.62441233e-02
 -1.10560041e-02 -9.48004723e-02  1.58794839e-02  4.04279819e-03
  2.63060387e-02 -7.39373788e-02 -2.65563596e-02 -1.28415283e-02
  1.43396547e-02 -3.79163376e-03  6.38322383e-02 -9.90234967e-03
 -1.44011406e-02 -3.27952802e-02  4.36350033e-02  2.70273294e-02
 -9.34429765e-02 -1.73690896e-02  5.14022633e-03  8.07863846e-02
 -8.59052390e-02 -3.24330553e-02  4.32452261e-02  2.91749611e-02
  4.50592153e-02  9.01156738e-02 -7.75781721e-02 -9.58644077e-02
  2.12984327e-02  3.41907404e-02  1.53210841e-03 -3.35660912e-02
 -1.59451589e-02 -3.35844606e-02 -4.32202853e-02  9.10965800e-02
 -3.54481936e-02  6.36826307e-02 -5.17834397e-03 -4.59543355e-02
  5.08352891e-02 -5.58385625e-02 -5.66020124e-02  2.55031176e-02
  1.55795999e-02 -4.79731373e-02 -1.43460184e-01 -1.35248888e-08
 -5.12668416e-02 -6.22711815e-02  6.32052273e-02 -5.27768629e-03
 -3.05887479e-02  7.53253102e-02 -1.05810717e-01 -3.43950130e-02
 -5.34303626e-03 -9.56817046e-02 -3.62036154e-02 -5.59019744e-02
  3.96278091e-02  2.72141211e-02  5.33303842e-02 -9.49122291e-03
  3.39610577e-02  4.47663777e-02  4.88479361e-02 -6.96626585e-03
  1.47357732e-02 -7.51237795e-02  3.31986472e-02  1.10762287e-02
 -6.35140613e-02 -8.17169249e-02  1.14398096e-02 -7.73546547e-02
 -4.58361544e-02  7.21218288e-02 -6.99020177e-02 -1.16959596e-02
  4.73542772e-02 -4.02636155e-02  4.08961363e-02 -1.47117553e-02
  1.56651940e-02 -7.52620921e-02 -2.97087687e-03 -5.65046743e-02
 -5.30162044e-02  8.89104605e-02  5.54926060e-02  1.62179042e-02
  7.16266483e-02  2.03105435e-02 -4.47879024e-02 -1.29860833e-01
  7.18824789e-02  8.25395882e-02  4.66025881e-02 -3.11778616e-02
 -9.76244453e-03  5.13524516e-03  6.10875748e-02  6.69173971e-02
 -5.11497296e-02 -6.79428354e-02 -5.25878407e-02  3.16618532e-02
  6.39861003e-02  5.32331653e-02  3.84654738e-02 -1.92386247e-02]

Sentence: Artificial intelligence is changing the world.
Embedding: [ 3.75754908e-02 -2.69372575e-02  9.15608779e-02 -1.22513492e-02
  3.64901572e-02 -1.42016467e-02 -2.60563437e-02 -2.04704143e-03
  1.59138534e-02  3.09829712e-02 -4.80981823e-03  4.67073694e-02
 -5.47338556e-03  4.80678789e-02 -5.24346717e-02  9.73843783e-03
 -6.95927143e-02 -4.67749275e-02 -1.25780404e-01 -6.16964065e-02
  1.25715910e-02  5.08971699e-02  1.20821465e-02 -2.42504887e-02
 -1.75769031e-02  2.60921903e-02  2.69658174e-02 -5.06908670e-02
 -2.00454090e-02 -5.37813902e-02  3.11414786e-02  8.31793621e-02
  3.58051881e-02  2.33187918e-02 -2.94036195e-02  3.67132202e-02
 -5.90912485e-03  2.47149318e-02  5.39860874e-02 -2.27299370e-02
  1.87835880e-02 -7.55456313e-02 -1.59725249e-02 -1.61116756e-02
  4.94197495e-02  1.33079335e-01 -8.62574205e-02 -2.81026214e-02
  1.98144279e-02  1.03659090e-02 -1.54155523e-01 -4.98838946e-02
  2.45579649e-02 -6.01818748e-02 -2.99604367e-02  1.74242761e-02
  9.99550894e-02  3.29250544e-02  4.96780612e-02 -1.07269054e-02
  8.59952345e-03 -3.00024562e-02  7.10723698e-02  6.85187504e-02
  7.24833608e-02  5.28303236e-02 -6.73246384e-02  1.39546245e-02
 -2.06618737e-02  1.57915931e-02  3.29494290e-02  1.00613400e-01
  9.52718481e-02  2.34409794e-02  4.98175509e-02 -6.21258020e-02
  2.98942737e-02  4.33624946e-02  1.60153165e-01 -8.00354057e-04
  4.24780399e-02 -7.27678835e-02 -1.29729463e-03  1.85358524e-02
  3.92656289e-02 -4.60268892e-02 -4.20481116e-02 -2.14808695e-02
 -1.52359800e-02 -5.21636158e-02 -2.01781280e-02 -4.18972820e-02
  1.39058894e-02 -1.01493336e-02 -1.10683022e-02  2.58229021e-02
 -4.56652977e-02 -5.81333339e-02  1.59963369e-02  6.27302900e-02
 -9.06481743e-02  3.93833779e-02  3.68467048e-02  8.88440479e-03
  3.18485759e-02 -2.05066688e-02  6.85502440e-02  1.71341412e-02
  1.22491168e-02 -8.63074958e-02 -5.71832107e-03  3.64200957e-02
  6.32299930e-02 -5.28432354e-02 -4.22525331e-02 -1.46638900e-02
 -2.20284029e-03  1.44586593e-01 -4.45094481e-02  6.50489032e-02
  2.32276134e-02  1.60371773e-02 -4.37920503e-02  6.88235983e-02
  5.11921756e-03 -6.34666905e-02 -6.32717013e-02 -4.29886402e-33
 -6.74738362e-02 -4.49708756e-03  5.83363138e-02  6.23010062e-02
 -3.40733491e-02 -3.13403159e-02 -8.49525910e-03 -2.12708730e-02
  1.65857077e-02 -6.87967464e-02 -5.44869900e-02  9.12471395e-03
 -5.39021827e-02  4.34253812e-02  7.73442537e-02 -6.05031364e-02
 -4.17614356e-02  5.51971570e-02  5.90557531e-02 -2.12389138e-02
  2.53656954e-02 -1.88606996e-02 -1.57345403e-02  1.58994939e-04
 -3.23414057e-02  5.88134862e-02  4.31323685e-02 -2.91748811e-02
  4.06793319e-02 -1.76753495e-02 -2.57053296e-03  9.72651318e-02
 -7.74408728e-02  1.96744129e-02  3.20838727e-02 -5.70495520e-03
 -2.49753054e-02 -1.36212911e-02 -2.23585535e-02  3.09139173e-02
 -1.66152492e-02  4.98254262e-02 -4.17285785e-02 -3.13647538e-02
  4.55700383e-02  1.15840901e-02  9.17149931e-02 -2.44694576e-02
 -2.22590417e-02 -7.26839947e-03 -6.03479184e-02  2.96903644e-02
  4.66067716e-02 -7.08987191e-02  1.14779696e-01 -4.10429109e-03
 -1.82834491e-02  2.79305559e-02  4.10940573e-02 -4.62020226e-02
  5.41834161e-02  7.29380315e-03  9.79860872e-03  9.78509262e-02
  5.13606668e-02  7.55494535e-02  3.44325118e-02  2.45678127e-02
  4.61144745e-02  1.17192738e-01 -1.43260416e-03  5.76258637e-02
 -5.99382482e-02  2.77982075e-02 -1.09959036e-01 -1.90099888e-02
  3.22924964e-02 -1.09281011e-01  1.09323487e-02 -4.14971970e-02
 -7.02058226e-02  4.32888828e-02 -1.89846493e-02 -5.88450991e-02
  9.74437743e-02  4.31499351e-03  1.37227941e-02 -4.17109802e-02
  4.13649194e-02  2.73854528e-02 -3.59370001e-02 -4.89757396e-02
  1.69147458e-02  3.01601216e-02 -4.77745868e-02  4.01989203e-33
 -1.38971925e-01 -2.98658796e-02 -8.55686441e-02  6.12247139e-02
 -2.31297989e-03 -3.71541642e-02  1.40021211e-02  2.49658246e-02
  1.03323841e-02  6.19449802e-02  1.80856697e-02 -2.59360187e-02
  4.00691405e-02  3.10676116e-02  9.60767083e-03 -7.62656704e-03
  6.56777120e-04 -2.06832513e-02 -2.49443576e-02  2.64884587e-02
  2.50237640e-02  1.19670987e-01 -8.42487365e-02 -1.53134763e-02
  8.64845817e-04  4.99470681e-02  2.08716001e-03  5.93550093e-02
  3.37262382e-03  4.98056561e-02 -6.73804954e-02 -8.83861165e-03
 -1.10661969e-01  1.21340141e-01 -5.48937079e-03  1.90271507e-03
 -2.45830957e-02 -4.98465821e-02 -4.21590582e-02  3.35296467e-02
 -2.92303767e-02 -5.04489206e-02 -5.03315590e-02 -3.38314585e-02
 -7.84892030e-03  5.48426015e-03 -2.01498885e-02  7.08066076e-02
 -3.08572836e-02 -2.37985458e-02  1.94093939e-02 -2.66637541e-02
 -1.17660854e-02 -1.27437621e-01 -6.63527921e-02  6.12076111e-02
 -3.15542556e-02 -4.10332084e-02 -5.89929260e-02  7.92735517e-02
 -5.31871840e-02 -5.46306632e-02  3.97324562e-02  2.61521190e-02
 -1.70366038e-04  2.40255166e-02 -2.24860124e-02  8.74380991e-02
 -4.29526642e-02 -7.32705668e-02  8.66121277e-02 -4.00953591e-02
 -7.32673109e-02 -5.55699551e-03 -3.77916470e-02 -2.46689375e-02
 -4.57279086e-02  4.21142252e-03 -1.78416483e-02 -7.96346087e-03
  6.15717992e-02 -3.60661075e-02  6.71030805e-02  4.68823835e-02
 -2.87014004e-02  9.57265049e-02 -3.12169339e-03  3.31863724e-02
 -6.67968169e-02 -2.24396326e-02 -1.04482688e-01  9.53340530e-03
 -1.35932034e-02  8.26053414e-03 -1.45522967e-01 -1.50380739e-08
 -1.15948636e-02 -3.41545381e-02  6.32458031e-02  2.24194601e-02
  6.35766760e-02  2.88592149e-02 -2.06582230e-02  1.07248556e-02
 -5.80638908e-02  3.58104333e-02  5.16692363e-02  4.64713797e-02
  8.48030224e-02  2.83838455e-02  4.99047600e-02  3.86480242e-02
  2.56845560e-02 -1.24237403e-01  5.99247217e-03  4.53893580e-02
  3.89496386e-02  1.92522723e-02  5.60767716e-03  7.61915604e-03
 -3.00464407e-02 -6.43438920e-02 -5.81182688e-02  9.39566083e-03
 -7.59642422e-02  9.90398135e-03 -2.72001289e-02 -1.28861768e-02
  5.21098077e-02  3.86219211e-02  6.20487332e-02  3.14257704e-02
 -1.33221820e-02 -5.20739034e-02 -3.56389955e-03 -5.91456983e-03
  7.98341236e-04  9.52358916e-02 -7.46220648e-02  2.53312066e-02
  2.23025177e-02 -2.43621822e-02  4.04750966e-02 -5.24273515e-02
  2.37155966e-02  1.79698262e-02 -4.37066369e-02  4.30840924e-02
  1.35664344e-02  1.69000048e-02  1.63084954e-01 -2.50841565e-02
  1.95778646e-02 -2.43861005e-02 -5.02922125e-02  1.42674729e-01
  2.49430649e-02 -3.28775384e-02  4.23711054e-02 -4.28116396e-02]

Sentence: Deep learning is a part of artificial intelligence.
Embedding: [-1.29080983e-02 -5.89390919e-02  8.29516575e-02  1.51340067e-02
 -3.40076280e-03 -3.63816805e-02 -6.81389421e-02 -2.24605575e-02
 -2.86520198e-02 -3.24205160e-02 -6.19711317e-02  3.28861922e-02
 -8.42709653e-03  1.39629457e-03 -2.33587325e-02 -3.34816910e-02
 -1.94817055e-02  1.60568859e-02 -1.48265287e-01 -6.44858330e-02
  3.07984836e-02  4.98400033e-02 -1.41423913e-02 -6.66140020e-02
  4.44914177e-02  3.05557121e-02  2.25197542e-02 -2.74004657e-02
  1.41964210e-02 -3.50295543e-03  5.09621538e-02  1.48954894e-02
  3.50794196e-02  5.60407415e-02 -2.67112404e-02  1.22726455e-01
 -8.65195990e-02  2.90335882e-02  3.80420350e-02  5.10481605e-03
 -2.49693692e-02 -7.98851252e-03 -2.51031597e-03  3.83824930e-02
  9.43127424e-02  7.07041919e-02 -4.34151515e-02 -6.31930828e-02
 -3.09935678e-02  3.19007821e-02 -6.21593334e-02 -2.02834383e-02
 -1.38355019e-02  6.73849210e-02  1.87719371e-02  2.79151760e-02
  5.67501970e-02 -1.81400180e-02 -2.89715324e-02  3.24276015e-02
  3.77602205e-02 -4.59983125e-02  1.46710919e-02  3.80051397e-02
  7.07181022e-02  5.62243257e-03 -3.43873352e-02  4.29501291e-03
  3.20509635e-02 -9.14173126e-02  9.02977288e-02  1.03098847e-01
  2.04208083e-02  5.05543165e-02 -6.10253820e-03 -5.95404999e-03
  5.67160770e-02  4.86088265e-03  1.24674745e-01 -1.77701395e-02
  7.43651390e-02  5.05534634e-02 -1.93060725e-03  6.03520460e-02
  9.01225284e-02 -7.96701014e-02  1.60340630e-02  4.93722036e-05
 -8.89678523e-02 -5.85086234e-02 -2.12129932e-02 -9.27968398e-02
 -4.86822687e-02 -3.20839249e-02  3.02137211e-02 -2.70722546e-02
 -1.63130704e-02 -6.86069652e-02 -3.57677564e-02 -1.40806101e-02
 -5.15440628e-02 -2.05442775e-02  4.74716797e-02  3.38741541e-02
 -3.45170423e-02 -5.17341541e-03  6.70090169e-02  4.16164845e-02
  6.39318302e-02 -1.20939963e-01 -2.30892412e-02  6.52694032e-02
  7.81166255e-02 -4.10613418e-02  8.50468315e-03 -1.59355830e-02
 -1.27270576e-02  1.15955565e-02  2.63107531e-02  6.38149977e-02
 -8.66964683e-02  1.36755975e-02 -3.18408571e-02  4.11187001e-02
  1.95821021e-02 -7.11024627e-02 -5.19891083e-02 -1.35288912e-33
 -9.09437612e-02 -3.33546009e-03 -3.16939061e-03  2.17406359e-02
  1.40524600e-02 -6.03126585e-02 -1.09723322e-02 -4.98987688e-03
 -5.64484298e-02  5.34989079e-03 -5.69402687e-02  2.37221573e-03
 -3.41361128e-02  1.20756619e-01  3.17002982e-02  6.56725978e-03
 -4.43658456e-02  6.65489957e-02  4.87039797e-02 -8.70377421e-02
  4.69019171e-03  9.19834897e-03 -4.51363549e-02 -3.31210122e-02
 -4.33473848e-02 -1.63418823e-03  6.74419180e-02  3.75657203e-03
  1.72675904e-02 -5.10929991e-03 -4.95908558e-02  6.15923479e-02
 -5.04696369e-02  1.98353380e-02  2.40030214e-02  4.38705180e-03
  1.78269669e-02  1.75720509e-02 -5.41274843e-04 -1.56594869e-02
  1.47629073e-02  2.11505555e-02 -3.13275456e-02 -4.88375649e-02
 -3.49246897e-02 -5.00407293e-02  5.39111458e-02 -8.80654603e-02
 -2.97686574e-03 -2.72931755e-02 -2.11080909e-02 -1.43472338e-02
  1.77298300e-02 -1.08399443e-01  9.14576203e-02  3.42125520e-02
  2.02224571e-02  3.80851738e-02  2.03914866e-02  6.41265418e-03
 -6.16146717e-03  3.38221900e-02 -3.10631581e-02  7.45228603e-02
  2.18276065e-04  9.58614498e-02  5.54379225e-02  7.56971985e-02
  8.05434361e-02  1.47861671e-02 -6.16856676e-04  2.88614202e-02
  8.41036625e-03 -3.57420817e-02 -5.63511290e-02 -3.85864195e-03
  4.84310724e-02 -6.12287708e-02  1.53149422e-02  9.37571377e-02
 -7.58074448e-02  2.00691335e-02 -6.76655322e-02 -1.22269867e-02
 -8.93431623e-03  6.23987131e-02 -3.88354738e-03 -9.50773060e-02
  1.04129696e-02  2.25783922e-02 -7.33721852e-02 -4.07236107e-02
 -4.02894523e-03  2.27527078e-02 -1.32997595e-02  1.91789112e-34
 -1.05785675e-01  2.57847905e-02 -9.33682546e-02  4.86900061e-02
  1.05900252e-02  9.19577316e-04 -8.27801451e-02 -5.48432656e-02
 -3.83792445e-02  4.59822565e-02 -3.45936008e-02 -6.44260505e-03
 -6.43764213e-02  6.11823658e-03 -7.53945019e-03 -3.77372727e-02
 -3.34814750e-02 -4.27949093e-02 -2.90074013e-02  2.41557858e-03
 -4.62949416e-03  7.10398182e-02 -3.48783955e-02 -1.41557737e-03
 -1.10716969e-02  3.59298289e-03 -8.15357715e-02  6.44547939e-02
 -3.36895883e-03  7.97562525e-02 -6.41586818e-03 -3.90118994e-02
 -1.29199803e-01  1.72261093e-02 -5.64440992e-03  6.14753515e-02
  4.24646027e-02 -3.50761749e-02 -2.37852838e-02 -8.39441493e-02
  3.23019996e-02 -6.33800868e-03 -1.22558232e-02 -1.75832643e-03
 -7.27880327e-03 -2.33347546e-02  4.58228178e-02 -1.67857111e-02
  7.19301403e-03 -7.72108184e-03  2.61880904e-02 -3.40855755e-02
  6.11173874e-03 -5.30042090e-02 -5.06225899e-02  5.02521843e-02
  3.06755826e-02 -6.26965193e-03  1.02885943e-02  6.51401058e-02
 -8.57168883e-02 -9.23148692e-02  5.95438387e-03 -3.26069519e-02
  8.24940763e-03  7.19769821e-02 -7.08878040e-02  1.43081039e-01
 -1.65002011e-02 -5.17734215e-02  1.11573793e-01  1.92462318e-02
  1.62174553e-02  1.09889768e-01 -7.91443288e-02 -7.33604655e-02
 -5.26817795e-03 -5.63614629e-03 -1.24604795e-02 -3.26392241e-02
  1.25618562e-01 -9.54713002e-02 -1.83734670e-02  4.08313684e-02
 -2.44374685e-02  3.64190973e-02 -4.64105010e-02 -3.88130988e-03
 -3.90360504e-02 -2.47437581e-02 -7.31984824e-02  1.46460440e-03
 -3.88508625e-02  3.23230540e-03 -8.92831758e-02 -1.74259842e-08
  1.28571335e-02  1.80943795e-02  1.21514410e-01 -9.33191329e-02
  7.50266910e-02  2.20907852e-02  2.94092447e-02  1.31300911e-01
 -1.94983054e-02  4.52987999e-02  7.42875859e-02  1.45765720e-02
 -7.63566792e-02 -1.96501408e-02  3.41403484e-02  9.08372477e-02
  6.15600161e-02 -4.88563851e-02  3.44199613e-02  2.26262175e-02
  8.90405923e-02  3.41193266e-02 -9.99538600e-03 -8.72035138e-03
  3.97940306e-03 -8.02338794e-02  2.38920888e-03  4.75510955e-02
 -3.36482227e-02 -1.39470724e-02 -4.29176874e-02  2.43806057e-02
 -1.46736186e-02  4.99095805e-02  1.07408188e-01  1.40832916e-01
  3.88221107e-02 -5.43108582e-02 -2.07994021e-02 -5.37893772e-02
 -2.57317107e-02  1.33909881e-01  2.69428808e-02  2.72979457e-02
 -9.70639568e-03  2.40816288e-02 -2.59627532e-02 -2.99692638e-02
  3.10628284e-02  4.72006276e-02 -6.80181524e-03  6.20221570e-02
  4.77169752e-02  6.86537921e-02  2.92645320e-02 -7.86756258e-03
  1.91842243e-02 -9.35235023e-02 -3.13852020e-02  8.72615352e-02
 -3.83097567e-02  9.98568237e-02  4.02113385e-02 -5.54903969e-03]

Sentence: Data science helps us understand data.
Embedding: [ 1.61729977e-02  2.43990216e-02  2.90280059e-02  1.08674187e-02
  1.28938537e-02 -6.39071390e-02 -2.50981692e-02 -3.33631337e-02
  2.01296266e-02  6.68031797e-02 -1.55231785e-02  6.17936999e-02
  9.96196270e-03 -1.50584243e-02  1.45228896e-02  2.31439322e-02
 -6.09867945e-02  3.47777619e-03 -7.40293339e-02 -1.09140918e-01
 -1.89788442e-03 -3.22139598e-02 -4.12592478e-02 -6.98425574e-03
  3.05390898e-02  1.05074786e-01 -2.04626713e-02  1.95080992e-02
 -2.39489321e-03 -2.70217154e-02 -1.25397248e-02  6.65188134e-02
  7.10424036e-02  7.03869462e-02 -9.76143181e-02 -8.01211630e-04
  2.30633412e-02  5.72635643e-02  4.79524024e-03  7.80002922e-02
 -3.11446972e-02 -1.64699182e-02  2.23026201e-02  2.70340014e-02
  2.13213470e-02  2.25162860e-02 -2.75098234e-02 -6.85781017e-02
 -1.40570784e-02  4.26903702e-02 -9.74762738e-02  4.72050048e-02
 -2.40638349e-02  2.31603272e-02  5.68308532e-02  7.22462609e-02
  7.56692588e-02  1.02484822e-02  5.76311909e-03  1.99081935e-02
 -6.41601253e-03 -5.59445582e-02 -5.93118221e-02  2.98924875e-02
  1.09278046e-01 -1.58114973e-02 -2.74692420e-02  4.27793860e-02
 -3.08348797e-02 -6.37591332e-02  9.34999529e-03  6.22016154e-02
  1.11589525e-02  1.09922461e-01  6.65683970e-02 -2.97553232e-03
  1.22610070e-02 -4.53595910e-03  9.30192992e-02 -1.81895811e-02
  2.43044533e-02  1.91838890e-02 -1.15464386e-02  4.30633239e-02
  3.39503027e-02 -4.97215800e-02  1.76879596e-02 -3.18385847e-02
 -9.38708633e-02  1.17719285e-02  4.32440825e-02 -2.73335576e-02
 -2.80823223e-02  7.12778792e-02 -2.61269696e-02  2.57434528e-02
 -1.73949581e-02 -2.77150758e-02  7.53205493e-02 -2.09816620e-02
 -2.61861589e-02  2.49918047e-02 -2.87369341e-02  1.08861789e-01
 -2.00399347e-02 -1.30429327e-01  6.26263469e-02 -4.85541746e-02
  4.62148860e-02 -2.10021231e-02 -2.93986928e-02  6.25753179e-02
 -6.02086447e-02  2.23900825e-02 -2.00716965e-02 -7.23643079e-02
 -8.61942172e-02  5.97631512e-03 -1.51166134e-02 -4.44117486e-02
 -4.85697202e-02  1.29582565e-02 -2.48317458e-02 -2.44625956e-02
  2.64059864e-02 -9.67031568e-02 -5.54087982e-02 -3.52687941e-33
 -5.78961745e-02 -4.07572314e-02  7.36828372e-02  5.48670441e-02
 -2.04444509e-02 -6.21335059e-02 -8.97983387e-02 -7.08439276e-02
 -1.11122578e-02  7.47426748e-02 -1.45340459e-02  7.90128782e-02
  1.01172170e-02  1.17101539e-02  3.28664407e-02  5.77152781e-02
 -4.06811349e-02  8.75827670e-02 -5.41065894e-02 -1.69816613e-02
  2.59066503e-02 -8.30011144e-02  6.97600991e-02 -3.55116166e-02
  2.22726632e-02 -5.92378806e-03 -3.03486716e-02 -7.20790960e-03
  7.50044361e-02  5.43813966e-03 -2.18135696e-02 -4.63966542e-04
 -3.48393954e-02 -1.44169182e-02  7.12173581e-02  6.00264408e-03
  4.67207842e-02 -5.24177253e-02 -6.25236100e-03 -1.42029524e-02
 -1.06861526e-02  3.15477513e-02 -1.85166672e-02  1.29215866e-02
  7.22492533e-03 -5.51748369e-03  7.34491721e-02 -6.98257610e-02
  4.50917892e-02 -3.47005315e-02 -4.81847860e-02 -1.77737065e-02
  7.48555735e-02  2.31581531e-03  3.16690169e-02  7.80596808e-02
  1.54595857e-03 -9.15959701e-02 -3.29452828e-02  5.53240348e-03
 -6.54090047e-02 -1.18566593e-02  8.41206312e-02 -8.89464375e-03
 -1.94629971e-02  7.43945912e-02 -4.41072620e-02  3.71981226e-02
  9.98956263e-02 -1.08743822e-02 -4.53433581e-02  2.09711120e-02
 -5.65781817e-03 -3.49583328e-02  3.10630277e-02  1.29778218e-02
 -1.31955724e-02 -4.71372008e-02  4.04742137e-02 -1.30050839e-03
 -8.96911230e-03 -1.21248864e-01  3.35618630e-02 -5.07954285e-02
 -2.25817785e-02  8.10076669e-02  4.79026586e-02 -9.23329070e-02
 -2.96443515e-02 -5.03797494e-02 -8.47490225e-03 -3.16476822e-02
 -6.02807403e-02  2.51174276e-03 -3.05398321e-03  1.03086704e-33
 -7.81330094e-02  1.46290055e-02 -6.06459044e-02  6.10593222e-02
  4.90925014e-02  3.36880982e-02  8.68137740e-03 -1.22412682e-01
  7.35118762e-02  3.19205485e-02 -2.70245858e-02  2.44812225e-03
  5.38049359e-03 -1.26605155e-02 -7.65288621e-03 -1.96900833e-02
 -4.94154133e-02 -4.27785330e-02 -9.35702026e-02  2.72782166e-02
 -4.44740616e-02  9.71247405e-02 -6.16906919e-02 -6.95860162e-02
  1.41337439e-02  1.51753810e-03 -2.90950388e-02 -4.87988442e-02
  2.76526697e-02  2.38339193e-02 -2.01469492e-02 -5.33450693e-02
  4.68533346e-03 -2.84085535e-02 -3.51602957e-02 -2.82615833e-02
  1.18713073e-01 -3.00193001e-02 -2.07054503e-02 -4.06530639e-03
  1.51407672e-02  1.01252727e-01 -2.23042117e-03  6.12843724e-04
 -9.01428517e-03 -7.46794976e-03  3.88602428e-02  1.01120487e-01
  1.33430725e-03 -1.54212229e-02  1.13881163e-01  3.11431102e-02
  1.94425117e-02 -5.56731634e-02  6.88220337e-02  4.44278447e-03
  1.66291744e-02 -4.06991504e-02 -8.54757950e-02  7.97921643e-02
 -9.36847702e-02  2.04699766e-03  5.22809736e-02  1.07148275e-01
 -5.75047731e-02 -5.54495417e-02 -2.91899163e-02 -2.92093176e-02
 -1.11586424e-02 -7.83201084e-02  6.95521906e-02  5.70263788e-02
 -2.31219064e-02 -5.82455331e-03 -3.40027921e-02 -3.74969579e-02
 -4.55199406e-02 -2.90661305e-03 -1.67642832e-02  7.12176189e-02
  3.99846472e-02 -5.99881820e-02  1.76978894e-02  4.96935621e-02
 -3.91603308e-03  5.97750396e-02  8.36310461e-02 -8.46287459e-02
 -4.55532111e-02 -7.98291937e-02 -1.21042743e-01 -8.33277702e-02
 -1.07184097e-01  1.29933897e-02 -7.08032176e-02 -1.48932608e-08
 -1.19684963e-02 -7.88194090e-02  8.59060958e-02 -1.57740954e-02
  2.79575065e-02  7.14953691e-02 -4.90033887e-02  1.44759655e-01
 -4.36437763e-02  3.40298042e-02  8.61149356e-02  3.12704258e-02
 -6.78918213e-02 -4.86901542e-03  8.22714791e-02  1.41690217e-03
  1.25029877e-01 -6.36937171e-02 -1.11748781e-02  7.02479929e-02
 -6.50650030e-03  1.91847999e-02 -6.38297349e-02  2.65307352e-02
  9.50864106e-02  5.34995459e-04  1.12174219e-02  1.13738075e-01
 -7.67944567e-03 -3.71713080e-02 -3.24459601e-04 -7.95750991e-02
  2.09310856e-02  2.14268044e-02  8.64026397e-02  2.49109609e-04
  6.26657754e-02 -3.40109766e-02 -2.67404560e-02 -4.76608165e-02
 -3.93181182e-02  1.00446671e-01 -2.46707536e-02  6.20119907e-02
  3.06539983e-02  7.28372931e-02  7.02733966e-03  9.37016085e-02
 -1.83450070e-03  3.20465267e-02 -1.00045456e-02 -1.74147694e-03
 -2.76435670e-02 -1.29978107e-02  4.05200534e-02  2.10562572e-02
 -3.65104638e-02  2.08179597e-02 -5.08755110e-02  5.11705913e-02
  2.15074308e-02  6.97627664e-02  9.02009197e-03 -5.66504747e-02]

Sentence: The weather is very hot today.
Embedding: [ 4.16242750e-03  7.91034177e-02  9.40721855e-02  7.39979222e-02
  1.47074256e-02 -5.60267158e-02  5.14367856e-02 -1.23276688e-01
 -6.14597537e-02  4.55437861e-02  3.63528472e-03 -7.28744790e-02
 -4.91315359e-03  6.78219944e-02  8.31839442e-02 -8.47456325e-03
  1.03032785e-02 -2.50148997e-02 -5.67318313e-02  3.72011797e-04
 -1.47590354e-01  5.06058149e-02 -1.02106921e-01  4.59528267e-02
  7.41716474e-03  2.31019743e-02 -1.53558673e-02  3.45032141e-02
 -3.92833315e-02  2.76695229e-02 -4.60146181e-02  4.29120958e-02
 -4.14963886e-02 -1.47898551e-02 -2.51838118e-02 -4.46893089e-02
 -4.45303991e-02 -1.29814178e-01 -8.98390338e-02  7.00923055e-02
  3.52306734e-03 -8.37290436e-02  4.10278998e-02 -1.54215898e-02
  7.80398445e-03 -1.58092391e-03 -8.82114246e-02  6.80431575e-02
  1.43552378e-01  4.14106902e-03 -7.51487613e-02  6.51596859e-02
  3.38022932e-02 -2.03281678e-02 -7.79463947e-02  6.72978014e-02
  1.16438596e-02 -7.84010589e-02  7.22276345e-02 -2.92147920e-02
  3.68888974e-02  7.96512514e-02 -9.00245607e-02  3.77266482e-02
  7.80039877e-02 -5.77679425e-02 -2.28610542e-02  1.91010151e-03
  2.74426155e-02 -3.89445908e-02 -1.40951350e-02  1.63842440e-02
  5.62466355e-03 -5.80762886e-02  4.62543555e-02 -5.81070893e-02
 -3.72900930e-03 -2.82020923e-02  5.32421917e-02 -1.05418044e-03
  7.76746869e-02 -5.71758710e-02  3.20305303e-02  2.82155741e-02
 -2.94228327e-02  6.38580546e-02 -1.34145399e-03  9.06663686e-02
  5.90408295e-02 -1.96768274e-03 -9.21782255e-02 -1.24564786e-02
 -2.28604376e-02  7.06638535e-03  3.43340933e-02  5.44798486e-02
 -2.64022890e-02  6.86418340e-02 -8.98876414e-02  2.49212459e-02
  1.72083918e-02  2.18927860e-02 -7.34840780e-02  6.80728182e-02
  6.50463030e-02  1.53035047e-02 -3.65579128e-02 -8.61053169e-03
 -3.82475294e-02 -6.16431199e-02 -5.38920611e-02  2.69842092e-02
 -2.11465918e-02 -2.01881938e-02  7.18419105e-02 -4.77351658e-02
  1.20165357e-02  4.69659120e-02 -6.02408536e-02 -2.18132921e-02
 -2.34521013e-02  2.35370509e-02  1.38481371e-02  8.16030875e-02
  6.53968309e-04 -3.99444951e-03  5.31273820e-02 -7.17743700e-33
  5.21160252e-02  4.84211594e-02  1.17065972e-02  5.44527359e-02
  3.75631265e-02 -7.50117078e-02 -5.26714660e-02 -3.94164287e-02
 -2.80828755e-02 -9.12451893e-02  1.76964737e-02 -2.73066387e-02
 -5.75468093e-02  4.30078730e-02  3.03428210e-02 -5.87459952e-02
 -2.94792280e-03  6.98185489e-02 -1.41647197e-02  1.38140693e-01
 -1.14577845e-01  1.74361560e-02  1.03642913e-02 -4.40994762e-02
 -6.91453740e-02  7.04230275e-03  3.16130072e-02 -2.38150526e-02
 -2.32938156e-02  7.97332171e-03  2.44368725e-02 -9.30313915e-02
  7.84296170e-02  1.63686450e-03  2.47995239e-02 -3.84641178e-02
 -4.05271649e-02 -2.68865842e-03 -8.65444727e-03  1.14162453e-02
 -1.80741381e-02 -2.94614509e-02 -7.31576409e-04 -4.37667407e-02
 -2.89133657e-02  7.48011693e-02  8.91117472e-03  6.44059479e-02
 -7.48188198e-02  1.13114268e-02 -5.27220890e-02  1.55247794e-02
 -1.68181472e-02  3.82326473e-03 -6.38011396e-02 -1.07072936e-02
  3.18842791e-02  5.24063818e-02  2.41800379e-02  2.48871656e-05
 -1.00363761e-01  3.47313657e-03 -2.86738202e-03 -5.88764511e-02
  1.64421387e-02 -2.03578938e-02 -4.15838062e-04  2.65677460e-03
 -3.90611626e-02  5.17851636e-02  3.10199577e-02 -6.97665475e-03
  6.44363463e-02  5.52105382e-02  5.12839742e-02  4.43427749e-02
  1.21138871e-01 -3.06354929e-02  2.29166988e-02  7.83586130e-02
 -5.33884652e-02  1.39443064e-02  6.53278977e-02 -1.12106770e-01
  1.98447122e-03 -2.25790739e-02 -1.35404635e-02  1.52818374e-02
  3.56767350e-03  5.80872297e-02 -8.25692862e-02 -7.16367911e-04
  2.08095345e-03  2.03711707e-02  1.85046457e-02  2.68215889e-33
  7.40389079e-02  1.06472438e-02 -7.87107572e-02  2.55836416e-02
 -7.13892058e-02  6.16665930e-03 -2.13322584e-02  3.14528979e-02
 -2.67174635e-02  3.28290053e-02  3.22625265e-02  3.14280093e-02
  3.12353522e-02 -7.54664540e-02  7.39168599e-02  2.44455468e-02
  4.40200977e-02  6.71154186e-02 -4.17898521e-02  1.16242655e-01
 -9.38411802e-02 -4.05206345e-02 -4.49670814e-02  6.02794848e-02
 -2.55407784e-02  2.72841752e-02 -1.83427446e-02  1.13772238e-02
 -7.38098174e-02  1.52231585e-02 -7.56407157e-02  4.24098782e-02
 -3.75241712e-02  5.14425188e-02 -1.84772648e-02  6.64980933e-02
  6.29786551e-02 -7.71551728e-02  8.65107402e-02 -5.61248064e-02
 -2.88475584e-02  6.00710092e-03  1.22798808e-01 -5.83275221e-02
  6.47397712e-04  1.38247553e-02 -6.54035211e-02 -1.34138651e-02
 -8.01269989e-03  7.25481510e-02  5.76118231e-02  1.63444430e-02
 -2.91609745e-02  7.80187771e-02 -8.57183430e-03 -3.46545838e-02
 -6.42720237e-02 -3.49947624e-02 -4.74067591e-02 -3.63803357e-02
 -2.00648718e-02 -1.04922894e-02  1.45226503e-02  1.23007055e-02
  1.66624580e-02  7.36850873e-03 -7.52980486e-02 -1.00204702e-02
  2.90111694e-02  3.64096984e-02  2.24255174e-02 -2.34157760e-02
 -6.51200637e-02 -4.02832143e-02  1.30787920e-02  3.26994769e-02
 -3.89609765e-03  3.02401297e-02  4.54358831e-02  3.92537341e-02
 -9.31732282e-02  3.72608081e-02  8.79637618e-03  9.69208032e-03
 -1.10665262e-02 -6.38845563e-02  7.41944590e-04 -5.62531576e-02
  3.20316590e-02  4.02528197e-02 -1.87317915e-02  1.68746486e-02
 -5.79324327e-02  5.14119528e-02 -8.97629485e-02 -1.77126864e-08
 -1.09930774e-02 -5.62895499e-02 -1.55912554e-02  1.25053041e-02
  1.25531584e-03 -4.74529862e-02  8.61695874e-03 -7.68574402e-02
  2.52742860e-02  7.14410692e-02  8.03690404e-02  7.90662840e-02
  2.96560563e-02  7.26725534e-02 -4.05989587e-03 -1.14754371e-01
  2.10137619e-03  1.26056354e-02  5.06417127e-03 -3.71708348e-03
  5.94671145e-02  1.38158649e-02  9.58920270e-03  5.76837584e-02
  7.58022070e-02  4.40795608e-02 -5.53059671e-03  2.84530520e-02
  6.18995279e-02  8.67228657e-02 -4.68203463e-02 -1.12203499e-02
 -7.16071650e-02 -2.42636241e-02 -1.69211961e-02 -6.41923770e-02
  5.95080703e-02  4.03809659e-02 -5.23208939e-02 -6.57698885e-02
 -7.23683555e-03 -3.21736261e-02 -5.54719456e-02  1.21727595e-02
  4.92632911e-02 -1.16736308e-01 -1.07503077e-02  2.48741992e-02
 -5.34165949e-02  2.83187386e-02  3.44499387e-02  2.48913225e-02
  5.23243248e-02  5.45298085e-02 -8.97915363e-02 -9.92015284e-03
 -4.41165604e-02  6.35285443e-03  5.13251200e-02 -9.46811307e-03
 -5.29196858e-02 -4.53472650e-03 -1.44730955e-01  8.65069181e-02]

--- Semantic Similarity ---

Sentence 1: I enjoy coding.
Sentence 2: I like programming.
Similarity: 0.8124

Sentence 1: I enjoy coding.
Sentence 2: I enjoy learning new technologies.
Similarity: 0.6323

Sentence 1: I like programming.
Sentence 2: I enjoy learning new technologies.
Similarity: 0.6052

Sentence 1: Artificial intelligence is changing the world.
Sentence 2: Deep learning is a part of artificial intelligence.
Similarity: 0.5727
